16
15057.5019386 3475.521967 267.527781413
65.4337531703 111.580682594 52.9860221201
32
19782.4365383 3472.447692 247.461875097
142.094649542 122.533776482 47.7327889104
64
28207.5315901 3600.577069 302.350628596
109.599050817 108.041048165 60.686301115
128
41764.9739304 3615.285087 292.081243762
425.582968393 107.442766808 64.0547335745
256
61056.6752499 3623.147805 261.841327007
449.336467995 71.2503581445 48.0891570056
512
87357.2098509 3859.422311 346.19961816
864.710757749 110.353217086 95.8243081486
1024
121404.799507 4207.34483 387.35300851
2281.23282445 168.078193768 87.323040873
