16
15351.099126 3506.386845 239.541997171
126.053619021 157.652966942 61.7632038153
32
20054.7822082 3429.907487 217.351653751
74.1900691398 94.2109913811 48.8705121609
64
28395.6238428 3455.98347 225.17099345
120.508826199 87.6141968835 55.1570796347
128
41982.4897794 3487.808961 218.135134453
338.092940359 82.844479726 43.4603006297
256
61778.2557992 3652.382278 262.472544504
527.726561258 115.951304672 72.0252151158
512
87523.4060314 3799.342824 276.525635041
727.642151054 66.8823478326 50.7351565243
1024
121140.945372 4142.01503 346.758023283
919.620026699 98.0525018385 81.4080929572
