16
15293.2468385 3391.846883 199.134270004
95.5345079492 95.4833072077 35.3964898366
32
20073.7487759 3379.225793 197.365576169
48.3172980957 51.8390045408 33.045190443
64
28581.3498116 3540.388921 246.896230125
302.259048325 171.865753983 46.8513712066
128
42074.7662524 3512.12765 229.404055006
268.4145887 77.5755239803 42.9240743675
256
62114.4060165 3672.618192 258.424710878
635.7835666 133.097148548 60.1385421603
512
87693.2545318 3812.153068 283.168785056
843.265230709 95.701304402 56.0912170738
1024
121503.278907 4183.073255 371.6230457
1236.50389764 124.10557574 94.7797222075
