16
13187.2715338 3924.93687 509.392852383
168.086215243 176.159646351 33.0245022073
32
17367.8342384 3839.421597 497.644785282
114.639370743 70.0045443812 19.8173146776
64
24967.2228569 3870.297818 492.337387606
202.894904005 113.933492297 18.2641268228
128
37802.7866146 3894.418939 504.546041673
654.216840828 177.271506988 35.5087241516
256
57068.2259965 3941.820768 528.173087083
356.893221573 53.951520097 17.627554914
512
84034.389915 4135.622948 565.307173885
1018.07167143 109.982994676 42.3830451521
1024
120536.500326 4502.037308 678.613932826
1612.0937121 138.770708986 54.1770343042
