16
8508.38629743 263.348002 11.4175994846
39.2240138543 7.37416356365 1.78531838017
32
11346.7394808 282.396267 12.5557729904
45.2084732791 10.1382242951 2.67690890313
64
16576.37772 315.233196 13.1202097193
172.890371614 18.8713922136 2.98054431808
128
25695.3726235 396.209775 18.5151686138
69.4789342833 12.9693505288 2.95673307271
256
39934.8252292 544.438835 31.4782453107
237.782314943 19.8205235746 6.35357105892
512
58648.9402084 819.366756 57.7753863706
328.865121334 47.8961088628 14.1645298332
1024
78699.0259237 1301.396665 134.456203523
1128.3555368 58.4530787553 33.5762422759
