16
3231.50959915 1.463352 0.140336875039
444.496814969 0.411524073726 0.0660837643401
32
4749.77130355 1.738637 0.165781451334
1125.10717687 0.597259045508 0.0649420191806
64
6996.81897504 1.949681 0.191648396844
1162.81189955 0.436593967765 0.0433650109576
128
9472.28344748 2.68541 0.200796034145
959.418263735 1.16771570822 0.0382351518521
256
13335.5539221 4.535055 0.172032374751
2030.48777845 3.11300447862 0.0172030529191
512
17467.9688128 17.053293 0.242917298671
2459.61750972 6.74008616513 0.0807631683157
1024
19697.821588 21.774478 0.168991958946
2418.43757935 7.47348527361 0.0168217776115
