16
3949.8396197 1.781915 0.163626813799
557.955068572 0.467298918579 0.0484348415959
32
4937.20991965 1.844282 0.201478630362
890.743229718 0.398381956966 0.0639471344768
64
6456.61103873 2.137936 0.206401985429
1035.18589497 0.557995863178 0.0485517727144
128
8760.35457829 2.162174 0.196131008863
768.225145966 0.704456260831 0.0562333126623
256
13299.6947577 3.419514 0.170863502526
1511.51974209 1.72980835054 0.0182783399402
512
18383.6174118 18.458382 0.216220535715
3742.45995163 7.2635890342 0.0573859717987
1024
20896.6138901 26.705959 0.173768317939
2260.12575889 7.02203930406 0.0183566368355
