16
3490.76420761 1.769121 0.186158712205
578.936418228 0.456591327107 0.0755245440055
32
5008.09470856 1.94736 0.225590554215
679.54736123 0.177618857726 0.0112351652668
64
6670.13274266 2.249712 0.244989484425
795.938542182 0.421264433956 0.0175478723915
128
9244.43274402 2.415987 0.198937695155
981.790034679 0.885439692018 0.0507257509446
256
13092.7682011 4.026511 0.183445322403
2719.81391402 3.42182223504 0.0130373288301
512
19342.4925402 15.725524 0.226357828041
2333.73364911 4.8036647168 0.0190595547842
1024
21458.1824579 24.667932 0.166136418422
2793.39439383 8.90752511548 0.0183298450865
