16
3506.61996572 1.541632 0.145696175029
341.345847231 0.466971103598 0.0632906385413
32
4411.05607184 1.5082 0.152802257363
732.415173023 0.474773403741 0.0643851314943
64
6453.0123433 1.804568 0.196486447727
734.698646008 0.0783686539121 0.024045814849
128
9417.92280342 2.908905 0.218377992595
1136.62480432 1.26703643146 0.0173521739671
256
12999.9705433 4.477814 0.179166853371
1142.98430575 2.97889772294 0.014564077617
512
17839.5949208 16.94564 0.240518346302
1718.61337326 4.04287316048 0.0366113754
1024
20787.3080344 26.196237 0.173214110241
2549.50656691 8.63748551724 0.017282642672
