16
13642.3406225 5.673976 2.7320999713
0.287461204159 0.00731937046473 0.00604226244798
32
26834.6808074 8.273333 5.80334936396
0.780548476066 0.00734231850303 0.0103360257211
64
53103.600704 13.470784 15.380626854
1.72376278049 0.00457118627929 0.00872582326515
128
93194.9788965 901.599399 13553.889533
796.075112342 54.6457839725 3340.42348856
256
144846.794711 1596.414343 9730.47137364
1447.58134478 75.6208940151 4064.12458807
512
214372.003018 1571.61387 4129.85252815
4175.66650498 64.9262628901 1473.95835693
1024
397254.568863 1461.179539 1637.48146752
6186.74476657 44.5060708218 300.943765709
